Dish,Hour,Requirement,Prepare,Inventory,Waste,Unfilled,Sold
Samosa ,5,50,50.0,0.0,0.0,0.0,50.0
Samosa ,6,45,50.0,-0.0,0.0,0.0,45.0
Samosa ,7,25,160.0,5.0,0.0,0.0,25.0
Samosa ,8,20,0.0,140.0,4.0,0.0,20.0
Samosa ,9,36,0.0,116.0,-0.0,0.0,36.0
Samosa ,10,55,0.0,80.0,-0.0,0.0,55.0
Samosa ,11,50,30.0,25.0,-0.0,0.0,50.0
Samosa ,12,30,50.0,5.0,-0.0,0.0,30.0
Samosa ,13,25,0.0,25.0,0.0,0.0,25.0
jalebi,5,56,210.0,0.0,0.0,0.0,56.0
jalebi,6,49,0.0,154.0,0.0,0.0,49.0
jalebi,7,29,0.0,105.0,0.0,0.0,29.0
jalebi,8,26,0.0,76.0,0.0,0.0,26.0
jalebi,9,43,0.0,50.0,0.0,0.0,43.0
jalebi,10,61,180.0,7.0,7.0,0.0,61.0
jalebi,11,54,0.0,119.0,-0.0,0.0,54.0
jalebi,12,34,0.0,65.0,-0.0,0.0,34.0
jalebi,13,31,0.0,31.0,0.0,0.0,31.0
aloo Paratha,5,68,170.0,0.0,0.0,2.0,66.0
aloo Paratha,6,62,0.0,104.0,0.0,0.0,62.0
aloo Paratha,7,42,0.0,42.0,0.0,0.0,42.0
aloo Paratha,8,38,40.0,-0.0,0.0,0.0,38.0
aloo Paratha,9,52,130.0,2.0,0.0,0.0,52.0
aloo Paratha,10,73,0.0,80.0,0.0,0.0,73.0
aloo Paratha,11,67,110.0,7.0,0.0,0.0,67.0
aloo Paratha,12,47,0.0,50.0,0.0,0.0,47.0
aloo Paratha,13,43,40.0,3.0,0.0,0.0,43.0
Noodles,5,78,0.0,85.0,-0.0,0.0,78.0
Noodles,6,74,180.0,7.0,-0.0,0.0,74.0
Noodles,7,54,80.0,113.0,-0.0,0.0,54.0
Noodles,8,48,0.0,139.0,-0.0,0.0,48.0
Noodles,9,67,80.0,91.0,-0.0,0.0,67.0
Noodles,10,83,0.0,104.0,-0.0,0.0,83.0
Noodles,11,79,70.0,21.0,-0.0,0.0,79.0
Noodles,12,59,50.0,12.0,-0.0,0.0,59.0
Noodles,13,53,50.0,3.0,0.0,0.0,53.0
coffee,5,85,100.0,-0.0,0.0,0.0,85.0
coffee,6,79,150.0,15.0,0.0,0.0,79.0
coffee,7,59,0.0,86.0,-0.0,0.0,59.0
coffee,8,55,30.0,27.0,-0.0,0.0,55.0
coffee,9,74,80.0,2.0,-0.0,0.0,74.0
coffee,10,90,230.0,8.0,-0.0,0.0,90.0
coffee,11,84,0.0,148.0,-0.0,0.0,84.0
coffee,12,64,0.0,64.0,-0.0,0.0,64.0
coffee,13,60,60.0,0.0,0.0,0.0,60.0
pastry,5,93,100.0,84.0,0.0,0.0,93.0
pastry,6,83,0.0,91.0,-0.0,0.0,83.0
pastry,7,63,60.0,8.0,-0.0,0.0,63.0
pastry,8,63,70.0,5.0,-0.0,0.0,63.0
pastry,9,80,100.0,12.0,-0.0,0.0,80.0
pastry,10,98,230.0,32.0,-0.0,0.0,98.0
pastry,11,88,0.0,164.0,-0.0,0.0,88.0
pastry,12,68,0.0,76.0,-0.0,0.0,68.0
pastry,13,68,60.0,8.0,0.0,0.0,68.0
dosa,5,106,700.0,0.0,0.0,0.0,106.0
dosa,6,98,130.0,594.0,0.0,0.0,98.0
dosa,7,78,0.0,626.0,0.0,0.0,78.0
dosa,8,76,0.0,548.0,4.0,0.0,76.0
dosa,9,90,0.0,468.0,-0.0,0.0,90.0
dosa,10,111,0.0,378.0,-0.0,0.0,111.0
dosa,11,103,0.0,267.0,-0.0,0.0,103.0
dosa,12,83,0.0,164.0,-0.0,0.0,83.0
dosa,13,81,0.0,81.0,0.0,0.0,81.0
biryani,5,112,500.0,0.0,0.0,0.0,112.0
biryani,6,107,0.0,388.0,0.0,0.0,107.0
biryani,7,87,0.0,281.0,0.0,0.0,87.0
biryani,8,82,400.0,194.0,0.0,0.0,82.0
biryani,9,100,0.0,512.0,4.0,0.0,100.0
biryani,10,117,0.0,408.0,-0.0,0.0,117.0
biryani,11,112,0.0,291.0,-0.0,0.0,112.0
biryani,12,92,0.0,179.0,-0.0,0.0,92.0
biryani,13,87,0.0,87.0,0.0,0.0,87.0
chesse ball,5,124,130.0,0.0,0.0,0.0,124.0
chesse ball,6,119,120.0,6.0,0.0,0.0,119.0
chesse ball,7,99,440.0,7.0,0.0,0.0,99.0
chesse ball,8,94,0.0,348.0,0.0,0.0,94.0
chesse ball,9,113,0.0,254.0,0.0,0.0,113.0
chesse ball,10,129,0.0,141.0,5.0,0.0,129.0
chesse ball,11,124,230.0,7.0,0.0,0.0,124.0
chesse ball,12,104,0.0,113.0,-0.0,0.0,104.0
chesse ball,13,99,90.0,9.0,0.0,0.0,99.0
dal makni ,5,131,140.0,0.0,0.0,0.0,131.0
dal makni ,6,126,770.0,9.0,0.0,0.0,126.0
dal makni ,7,106,40.0,653.0,0.0,0.0,106.0
dal makni ,8,101,0.0,587.0,1.0,0.0,101.0
dal makni ,9,121,120.0,485.0,-0.0,0.0,121.0
dal makni ,10,136,0.0,484.0,0.0,0.0,136.0
dal makni ,11,131,0.0,348.0,-0.0,0.0,131.0
dal makni ,12,111,0.0,217.0,-0.0,0.0,111.0
dal makni ,13,106,0.0,106.0,0.0,0.0,106.0
raita,5,141,150.0,-0.0,0.0,0.0,141.0
raita,6,136,360.0,9.0,-0.0,0.0,136.0
raita,7,116,0.0,233.0,-0.0,0.0,116.0
raita,8,111,0.0,117.0,-0.0,0.0,111.0
raita,9,132,130.0,6.0,-0.0,0.0,132.0
raita,10,146,410.0,4.0,-0.0,0.0,146.0
raita,11,141,0.0,268.0,-0.0,0.0,141.0
raita,12,121,0.0,127.0,-0.0,0.0,121.0
raita,13,116,110.0,6.0,0.0,0.0,116.0
lassi,5,148,0.0,306.0,0.0,0.0,148.0
lassi,6,140,380.0,158.0,0.0,0.0,140.0
lassi,7,120,0.0,398.0,-0.0,0.0,120.0
lassi,8,118,0.0,278.0,-0.0,0.0,118.0
lassi,9,134,0.0,160.0,-0.0,0.0,134.0
lassi,10,153,180.0,26.0,-0.0,0.0,153.0
lassi,11,145,150.0,53.0,0.0,0.0,145.0
lassi,12,125,70.0,58.0,-0.0,0.0,125.0
lassi,13,123,120.0,3.0,0.0,0.0,123.0
cold  coffee,5,154,160.0,2.0,-0.0,0.0,154.0
cold  coffee,6,150,150.0,8.0,-0.0,0.0,150.0
cold  coffee,7,130,180.0,8.0,-0.0,0.0,130.0
cold  coffee,8,124,70.0,58.0,-0.0,0.0,124.0
cold  coffee,9,146,150.0,4.0,-0.0,0.0,146.0
cold  coffee,10,159,280.0,8.0,-0.0,0.0,159.0
cold  coffee,11,155,30.0,129.0,-0.0,0.0,155.0
cold  coffee,12,135,140.0,4.0,-0.0,0.0,135.0
cold  coffee,13,129,120.0,9.0,0.0,0.0,129.0
toast,5,162,180.0,1.0,0.0,0.0,162.0
toast,6,154,140.0,19.0,-0.0,0.0,154.0
toast,7,134,130.0,5.0,-0.0,0.0,134.0
toast,8,132,140.0,1.0,-0.0,0.0,132.0
toast,9,147,140.0,9.0,-0.0,0.0,147.0
toast,10,167,170.0,2.0,-0.0,0.0,167.0
toast,11,159,160.0,5.0,-0.0,0.0,159.0
toast,12,139,140.0,6.0,-0.0,0.0,139.0
toast,13,137,130.0,7.0,0.0,0.0,137.0
spring roll,5,170,180.0,0.0,0.0,0.0,170.0
spring roll,6,160,800.0,10.0,0.0,0.0,160.0
spring roll,7,140,0.0,650.0,0.0,0.0,140.0
spring roll,8,140,420.0,510.0,7.0,0.0,140.0
spring roll,9,153,0.0,783.0,-0.0,0.0,153.0
spring roll,10,175,0.0,630.0,-0.0,0.0,175.0
spring roll,11,165,0.0,455.0,-0.0,0.0,165.0
spring roll,12,145,0.0,290.0,-0.0,0.0,145.0
spring roll,13,145,0.0,145.0,0.0,0.0,145.0
chicken masala,5,176,170.0,7.0,0.0,0.0,176.0
chicken masala,6,168,470.0,1.0,0.0,0.0,168.0
chicken masala,7,148,0.0,303.0,-0.0,0.0,148.0
chicken masala,8,146,0.0,155.0,-0.0,0.0,146.0
chicken masala,9,161,520.0,9.0,-0.0,0.0,161.0
chicken masala,10,181,0.0,368.0,-0.0,0.0,181.0
chicken masala,11,173,0.0,187.0,-0.0,0.0,173.0
chicken masala,12,153,150.0,14.0,-0.0,0.0,153.0
chicken masala,13,151,140.0,11.0,0.0,0.0,151.0
butter chicken,5,181,190.0,0.0,0.0,0.0,181.0
butter chicken,6,171,170.0,9.0,0.0,0.0,171.0
butter chicken,7,151,150.0,8.0,0.0,0.0,151.0
butter chicken,8,151,160.0,7.0,0.0,0.0,151.0
butter chicken,9,162,150.0,16.0,0.0,0.0,162.0
butter chicken,10,186,190.0,4.0,-0.0,0.0,186.0
butter chicken,11,176,330.0,8.0,-0.0,0.0,176.0
butter chicken,12,156,0.0,162.0,-0.0,0.0,156.0
butter chicken,13,156,150.0,6.0,0.0,0.0,156.0
mutton,5,198,200.0,0.0,0.0,0.0,198.0
mutton,6,189,840.0,2.0,0.0,0.0,189.0
mutton,7,169,70.0,653.0,0.0,0.0,169.0
mutton,8,168,0.0,554.0,1.0,0.0,168.0
mutton,9,181,0.0,385.0,-0.0,0.0,181.0
mutton,10,203,0.0,204.0,-0.0,0.0,203.0
mutton,11,194,200.0,1.0,0.0,0.0,194.0
mutton,12,174,340.0,7.0,-0.0,0.0,174.0
mutton,13,173,0.0,173.0,0.0,0.0,173.0
butter Naan,5,209,210.0,4.0,0.0,0.0,209.0
butter Naan,6,201,560.0,5.0,0.0,0.0,201.0
butter Naan,7,181,0.0,364.0,-0.0,0.0,181.0
butter Naan,8,179,0.0,183.0,-0.0,0.0,179.0
butter Naan,9,194,230.0,4.0,-0.0,0.0,194.0
butter Naan,10,214,190.0,40.0,-0.0,0.0,214.0
butter Naan,11,206,210.0,16.0,-0.0,0.0,206.0
butter Naan,12,186,170.0,20.0,-0.0,0.0,186.0
butter Naan,13,184,180.0,4.0,0.0,0.0,184.0
ice cream,5,213,240.0,220.0,0.0,0.0,213.0
ice cream,6,205,200.0,247.0,-0.0,0.0,205.0
ice cream,7,185,0.0,242.0,-0.0,0.0,185.0
ice cream,8,183,330.0,57.0,-0.0,0.0,183.0
ice cream,9,198,0.0,204.0,-0.0,0.0,198.0
ice cream,10,218,220.0,6.0,-0.0,0.0,218.0
ice cream,11,210,210.0,8.0,-0.0,0.0,210.0
ice cream,12,190,190.0,8.0,-0.0,0.0,190.0
ice cream,13,188,180.0,8.0,0.0,0.0,188.0
