Solution:
Objective value = 2049715148.4869292

new_demand: 289.04581284597293
new_prices: 5142720.3878990775
new_demand: 1528.7171220508435
new_prices: 186877.83999163067
new_demand: 1049.9999999999998
new_prices: 210000.00000000003
new_demand: 814.9999999999998
new_prices: 69999.99999999999
